mlp_weights
I:5
J:10
K:2
N:10000
C:0
D:0.010000
V:
-0.14413636623463232933062272422831
-1.08681804426135730778923971229233
0.68428994379655483371038826589938
-1.07518914951802901924793332000263
0.03326947642049239012296268924729
0.74510484501846674376679402485024
0.07903224614685826210358499110953
-0.52663720618529819006425896077417
0.46253204358022892428436989575857
0.20069944199703770859599671894102
2.12467667633189494225121052295435
0.37063440640809158788115951210784
1.02015809227612264109552597801667
0.78340821492625301036838436630205
-0.12784189342531804278735307889292
-0.33681327867293431310713458515238
-0.68715483355235795759341499433503
1.30747578063269509485166963713709
-0.93414235010792789903888433400425
-2.67236586302467049591768954996951
-0.77273953717596532975164791423595
-0.52156563596665928006501644631498
-2.01528818883292037966725729347672
0.05130254268573098547223665377714
-0.90548890906924994759208402683726
-0.01316648159927310060557381632407
-0.18468026912732943278783181995095
-0.67945447048328622141610821927316
-0.07373837009260876540484019869837
0.85823693864709615919394991578883
0.37396779987944644974007246673864
-0.74927214126372487790206378122093
1.40230701937817858748758226283826
0.80590050941745416945849456169526
-0.33523234582887073695900426173466
0.67136851280706300038048084388720
1.21226990769788178781141141371336
0.04648050545116588772032173437765
-0.28511450609002519929191521441680
1.15086808976504140211716276098741
-1.31427547850703740905942140670959
-0.13064022906723002370732444887835
-0.47577608645420260691238922845514
0.07227059084744469341643480220228
1.67326631459119878897467970091384
-0.01024261317753581528033901548724
-0.40560795669609744917849525336351
-0.31562308163774616120988980583206
-0.60815070792847714109541357174749
-1.59632653505353516720788320526481
-0.98812126910135977819749086847878
0.79713885135917406099537174668512
1.10470136207752234192014384461800
-1.32611421441694399270261328638298
-0.97151185847058973976686502282973
1.56957028331331005510662635060726
0.15873875619193025809927632963081
-0.16190426355140749570260538803268
1.41817303198040778333677280897973
-1.99326237462972488678758509195177
W:
0.04500753041544765242765180346396
0.00141473046031737612407419568683
0.05685473496459246545153831675634
-0.13602777114532174640437744983501
0.05576143150792006730753769261355
0.06540568393628598542477448063437
-0.10471728668834831554868003422598
-0.02796851853223840042583780984842
0.07612576781253960200857022755372
-0.02412698581068142833494505339331
-0.03578490189872333276932536705317
-0.03399707355773260580855676948886
-0.03557479332518755088532458330519
-0.09142386011130904099886151925602
0.03831095193397553166914093480955
-0.05352972871509036750792276393440
-0.01138232810850578133332611230344
0.02164466949524986028041695362845
0.01441777226205731392283393432763
0.09899383238221046155125293353194
-0.01907237862782652434989749679062
0.12051974188650371733189103906625
